20122 20125 20127 20130 20134 20137 20139 20142 
20147 20150 20152 20155 20159 20162 20164 20167 
20217 20220 20222 20225 20229 20232 20234 20237 
20241 20244 20246 20249 20254 20257 20259 20262 
20543 20546 20548 20551 20555 20558 20560 
20574 20577 20579 20592 20596 20599 20601 20604 
20608 20615 20617 20620 20624 20627 20629 20632 
20636 20639 20641 20646 20650 20653 20655 20658 
20662 20665 20667 20670 20674 20677 20679 20682 
20719 20722 20724 20727 20731 20734 20736 20739 
20783 20786 20788 20791 20795 20798 20800 20803 
20976 20979 20981 20984 20988 20991 20993 
21101 21104 21106 21109 21113 21116 21119 
21141 21144 21146 21149 21153 21156 21158 21161 
21165 21168 21170 21173 21177 21180 21182 21185 
21191 21194 21196 21199 21203 21206 21208 21211 
21215 21218 21220 21223 21227 21230 21232 21235 
21334 21337 21339 21342 21346 21349 21352 21355 
21364 21367 21369 21372 21376 21379 21381 21384 
21392 21395 21397 21400 21404 21407 21409 21412 
21434 21440 21442 21445 21449 21452 21454 21457 
21478 21481 21483 21486 21490 21493 21495 21498 
21502 21505 21507 21510 21514 21517 21519 21522 
21537 21540 21542 21545 21549 21552 21554 21557 
21572 21576 21578 21581 21585 21588 21590 21593 
21720 21723 21725 21728 21732 21735 21737 21740 
21744 21747 21749 21752 21756 21759 21761 21764 
21769 21772 21774 21777 21781 21784 21786 21789 
21793 21796 21798 21801 21805 21808 21810 21813 
21817 21820 21822 21825 21829 21832 21834 21837 
21841 21844 21846 21849 21853 21856 21858 21861 
21891 21894 21896 21899 21903 21906 21908 21911 
21943 21946 21948 21951 21955 21958 21960 21963 
22024 22027 22029 22032 22036 22039 22041 22044 
22048 22051 22053 22056 22060 22063 22065 22068 
22072 22075 22077 22083 22087 22090 22092 22095 
22099 22102 22104 22107 22111 22114 22116 
22125 22128 22130 22133 22137 22140 22142 22146 
22150 22153 22155 22158 
22165 22168 22170 22174 22178 22181 22183 22186 
22191 22194 22196 22199 22200 22204 22207 22209 22212 
22312 22315 22317 22320 22324 22327 22329 22332 
22336 22339 22341 22346 22350 22353 22355 22358 
22362 22365 22367 22370 22374 22377 22383 22386 
22390 22393 22395 22398 22402 22405 22407 22410 
22414 22417 22419 22422 22426 22429 22431 22434 
22512 22515 22517 22523 22526 22528 22531 
22535 22538 22540 22543 22547 22550 22552 22555 
22559 22562 22564 22567 22571 22574 22576 22579 
22584 22587 22589 22592 22596 22599 22601 22604 
22608 22611 22613 22616 22620 22623 22625 22628 
22632 22635 22637 22640 22644 22647 22649 22652 
22656 22675 22677 22680 
22684 22687 22689 22692 22696 22699 22701 22704 
22709 22712 22714 22717 22721 22724 22726 22729 
22795 22798 22800 22803 22807 22810 22812 22815 
22822 22823 22826 22830 22833 22837 22840 22844 22847 
22851 22854 22856 22859 22863 22866 22868 22871 
22876 22879 22881 22884 22888 22891 22893 22896 
22900 22903 22905 22908 22912 22915 22917 22920 
22995 22998 23000 23003 23007 23010 23012 23015 
23019 23024 23026 23029 23033 23036 23038 23041 
23060 23063 23065 23068 23072 23073 23076 23078 23086 
23090 23093 23095 23098 23102 23105 23107 23110 
23114 23117 23119 23122 23126 23129 23131 23135 
23139 23142 23144 23147 23151 23154 23156 23159 
23163 23166 23168 23171 
