17126 17129 17131 17134 17138 17141 17143 17146 
17150 17153 17155 17159 17163 17166 17167 17169 17172 
17176 17179 17181 17184 17188 17191 17193 17196 
17200 17203 17205 17208 17212 17215 17217 17220 
17275 17278 17280 17283 17287 17290 17292 17295 
17389 17392 17394 17397 17401 17404 17406 17409 
17416 17419 17421 17424 17428 17431 17433 17436 
17441 17444 17446 17449 17453 17456 17458 17466 
17474 17477 17479 17482 17486 17489 17491 17494 
17499 17502 17504 17507 
17736 17739 17741 17744 17748 17751 17753 17756 
17764 17767 17769 17772 17776 17779 17781 17784 
17788 17791 17793 17796 17800 17803 17805 17808 
17815 17818 17820 17823 17827 17830 17833 17836 
17840 17843 17845 17848 17852 17855 17857 17860 
18120 18123 18125 18128 18132 18135 18137 18140 
18144 18147 18149 18152 18156 18159 18161 18164 
18168 18171 18173 18176 18183 18186 18188 18191 
18196 18199 18201 18204 18210 18213 18215 18218 
18222 18225 18227 18230 18234 18237 18239 18242 
18246 18249 18251 18254 18258 18261 18263 18266 
18270 18273 18275 18278 18282 18285 18287 18290 
18294 18297 18299 18302 18306 18309 18311 18314 
18318 18321 18323 18326 18330 18333 18335 18338 
18433 18436 18438 18441 18445 18448 18450 18453 
18458 18461 18463 18466 18471 18474 18477 18480 
18484 18487 18489 18492 18496 18499 18501 18504 
18508 18511 18513 18516 18523 18526 18528 18531 
18535 18538 18540 18543 18547 18550 18552 18555 
18562 18565 18567 18570 18575 18578 18587 18590 
18594 18597 18599 18602 18606 18609 18611 18614 
18661 18664 18666 18669 18673 18676 18678 18681 
18802 18805 18807 18810 18814 18817 18819 18822 
18826 18829 18831 18834 18838 18841 18843 18846 
18850 18853 18855 18858 18862 18865 18867 18870 
18875 18878 18880 18883 18887 18890 18892 18895 
18899 18902 18904 18907 18911 18914 18916 18919 
18923 18926 18928 18931 18935 18938 18940 18943 
18947 18950 18952 18955 18959 18962 18963 18965 18968 
18972 18975 18977 18980 18984 18987 18989 18992 
19024 19027 19029 19032 19036 19039 19041 19044 
19051 19054 19056 19059 19063 19066 19068 19071 
19077 19080 19083 19086 19090 19093 19097 19100 
19104 19107 19109 19112 19116 19119 19121 19124 
19128 19131 19133 19136 19140 19143 19145 19148 
19152 19157 19159 19162 19166 19169 19171 19174 
19178 19181 19184 19187 19191 19194 19196 19199 
19381 19384 19386 19389 19393 19397 19399 19402 
19406 19410 19412 19415 19419 19422 19424 19427 
19431 19434 19436 19439 19443 19446 19452 19455 
19463 19466 19468 19471 19475 19478 19480 19483 
19617 19620 19622 19625 19629 19632 19634 19637 
19644 19647 19650 19653 19657 19661 19663 19667 
19671 19674 19676 19679 19683 19686 19689 19692 
19696 19699 19701 19704 19708 19711 19713 19716 
19720 19723 19725 19728 19732 19735 19738 19741 
19745 19749 19751 19754 19758 19761 19763 19766 
19770 19773 19778 19781 19785 19788 19790 19793 
19797 19801 19803 19806 19810 19813 19815 19818 
19962 19965 
