18433 0.0098963 0.00972581
18436 0.0112924 0.00945293
18438 0.00982148 0.00954796
18441 0.0100986 0.00956774
18445 0.0106969 0.00969463
18448 0.0102672 0.00986127
18450 0.0103908 0.00990691
18453 0.0114429 0.010093
18458 0.0109244 0.00977867
18461 0.00951992 0.00983586
18463 0.0106342 0.00963231
18466 0.0105086 0.00998368
18471 0.0105453 0.00923147
18474 0.0106598 0.00935269
18477 0.0106457 0.0097536
18480 0.0101619 0.00932344
18484 0.0100001 0.00990094
18487 0.010547 0.0092395
18489 0.0105113 0.00949836
18492 0.0105804 0.00960838
18496 0.0106603 0.00976902
18499 0.0103107 0.00969266
18501 0.010594 0.00942228
18504 0.0105538 0.00958635
18508 0.010049 0.00978791
18511 0.0100388 0.00924862
18513 0.0101446 0.00992083
18516 0.010652 0.00965212
18523 0.00975018 0.00937965
18526 0.00953048 0.00993813
18528 0.0107951 0.00952265
18531 0.0111176 0.00953076
18535 0.01002 0.0100234
18538 0.00938821 0.0100336
18540 0.0103274 0.00984423
18543 0.0104131 0.00961146
18547 0.00998054 0.00954418
18550 0.0098583 0.0100467
18552 0.00955875 0.00924311
18555 0.00974464 0.00930897
18562 0.0101687 0.00964044
18565 0.0101409 0.00986871
18567 0.00961078 0.00909672
18570 0.0101641 0.00981728
18575 0.0104951 0.00927629
18578 0.010467 0.00965538
18587 0.0100172 0.00996954
18590 0.0105355 0.00914521
18594 0.0110887 0.00950061
18597 0.00941785 0.0102026
18599 0.0098864 0.00954611
18602 0.0110677 0.00956442
18606 0.0107802 0.00958099
18609 0.0098565 0.0102568
18611 0.0103287 0.00938871
18614 0.0102565 0.0100221
18661 0.0102932 0.00944948
18664 0.00968059 0.0092895
18666 0.00996507 0.00986491
18669 0.010089 0.00985293
18673 0.0102072 0.0103768
18676 0.0102755 0.010224
18678 0.0106184 0.00994423
18681 0.0100831 0.0101532
