18433 0.000298432 0.000234819
18436 0.000323913 0.000215293
18438 0.000299946 0.000232075
18441 0.000305963 0.000232857
18445 0.000299416 0.00023605
18448 0.000305288 0.000228901
18450 0.000312868 0.000234429
18453 0.000329642 0.000230499
18458 0.000319768 0.000241791
18461 0.000278307 0.000223689
18463 0.000320364 0.000240552
18466 0.000321499 0.00023694
18471 0.000325105 0.00022075
18474 0.000302395 0.000222643
18477 0.000323279 0.000230431
18480 0.000306599 0.000219826
18484 0.000287282 0.000236194
18487 0.00032889 0.000214361
18489 0.000313596 0.000234189
18492 0.000318148 0.000227186
18496 0.000298044 0.000230048
18499 0.000309422 0.000225149
18501 0.000322182 0.000228314
18504 0.000310477 0.000232134
18508 0.000305243 0.000227337
18511 0.000307375 0.000224819
18513 0.000300161 0.00021729
18516 0.00030293 0.000229778
18523 0.000310842 0.000227799
18526 0.000298799 0.000237138
18528 0.000343208 0.000222835
18531 0.000331828 0.000226801
18535 0.000322928 0.000217038
18538 0.000300825 0.000215321
18540 0.000313272 0.000243641
18543 0.000252332 0.000234644
18547 0.000293681 0.000222384
18550 0.000288561 0.000216839
18552 -7.24496e-05 0.000297929
18555 0.000284452 0.000224658
18562 0.000300857 0.000231815
18565 0.000292951 0.000239454
18567 0.000292385 0.00021368
18570 0.000301466 0.000237134
18575 0.000315075 0.000220589
18578 0.000317524 0.000232736
18587 0.000314697 0.000244458
18590 0.000316469 0.000221771
18594 0.000344003 0.000237673
18597 0.000297372 0.000244912
18599 0.000304556 0.000226611
18602 0.000306443 0.000196331
18606 0.000316528 0.000227298
18609 0.0002824 0.000202153
18611 0.000296484 0.000215506
18614 0.000309442 0.000234473
18661 0.000303899 0.000209824
18664 0.000302729 0.000227432
18666 0.000299199 0.000234292
18669 0.000310657 0.000235311
18673 0.00031292 0.00024515
18676 0.000327012 0.00024617
18678 0.000331196 0.000242982
18681 0.000300885 0.000237821
